32767
32767
-32768
32767
32767
32767
32767
-32768
32767
32767
32767
32767
-32768
32767
32767
32767
32767
-32768
32767
32767
32767
32767
-32768
32767
32767
32767
32767
-32768
32767
32767
32767
32767
-32768
32767
32767
32767
32767
-32768
32767
32767
32767
32767
-32768
32767
32767
32767
32767
-32768
32767
32767
32767
32767
-32768
32767
32767
32767
32767
-32768
32767
32767
32767
32767
-32768
32767
32767
32767
32767
-32768
-6056
32767
32767
32767
-32768
-23083
32767
32767
32767
-32768
-7404
32767
32767
32767
-32768
-32768
32767
32767
32767
-32768
-10819
32767
32767
32767
-32768
-32768
32767
32767
32767
-32768
-10422
32767
32767
32767
-32768
-32768
32767
32767
32767
-32768
-16951
32767
32767
32767
-32768
-32768
32767
32767
32767
-6706
32767
32767
32767
32767
4596
32767
32767
32767
32767
-32768
-7577
32767
32767
32767
-32768
-4662
32767
32767
32767
32767
1249
32767
32767
32767
32767
-20186
32767
32767
32767
32767
4201
32767
32767
32767
32767
-17962
32767
32767
32767
32767
710
32767
32767
32767
-32768
-22205
32767
32767
32767
-453
-32768
32767
32767
32767
5058
-32768
32767
32767
32767
2180
-32768
32767
32767
32767
4265
-32768
32767
32767
32767
3830
-32768
32767
32767
32767
3344
-32768
32767
