-32768
-19616
32767
5316
-32768
32767
-3432
-32768
32767
2232
-32768
32767
-11304
-32768
32767
-16784
-32768
32767
-12088
-32768
32767
32767
-32768
32767
32767
-32768
32767
-32768
-8176
32767
-32768
-32768
32767
-32768
-32768
-1835
19136
-32768
32767
32767
-32768
-32768
-32768
-32768
-5004
31616
32767
-32768
-32768
-32768
-32768
32000
-32768
-32768
-32768
-32768
-32768
32767
-32768
-32768
-32768
-32768
-32768
21168
32767
-32768
-32768
-32768
-32768
-32768
-15688
-32768
32767
26640
32767
32767
-32768
-32768
-32768
-32768
10128
-32768
-26480
32767
-32768
32767
32767
-32768
-7092
32767
-32768
23344
32767
-32768
-32768
32767
-32768
-32768
32767
-19712
-2458
12976
0
0
0
0
0
0
0
0
0
0
0
0
0
0
0
