-924
-16019
-1263
-1316
-17116
-1967
-1301
-17129
-1957
-1315
-17142
-1956
-913
-17019
-1832
-903
-17041
-1857
-923
-17082
-1839
-1754
-16844
-3381
-174
-16900
-2989
-972
-15370
-1619
-510
-15362
-1460
-997
-13225
-3244
414
-12936
-2220
1020
-7593
-4271
2809
-6654
-3009
3362
-2694
-6850
5657
-1608
-4080
3792
-1058
-7249
6578
121
-4369
3560
-995
-7589
6556
-76
-4556
3458
-2226
-6930
6010
-1233
-4198
289
-179
-28
-294
156
86
5793
590
-179
2804
1890
131
7015
6084
1805
7241
7370
1889
7312
6653
1880
7714
8035
2110
7578
7230
684
9047
9945
1193
67
7
-26
1657
-3791
-5016
-2697
5370
-2095
-1971
4440
-9
-4189
6543
4419
2041
715
-589
